0-9dd79b9be176b6c67d5a2fde62ef4507182f38dd 0,9,10,11,12,13,14,15
1-7f1664aca9d1998c3914b776d9d8c9c9854a9e23 
2-f2e97a31530d31faf36ef78dcaf0a7fbe129e2f2 1
3-189bf8c8aa1278f068f1c405e9ebd1ad5623e31d 3
4-e81852cc80b7505afc67147ef4c616cef71b0cda 5,6,8,9,10,11
5-a48ee0c8f0e4780c92016a6efc70bdd21bd03090 2,3,4
6-18bc13e0223293f925c17a0e0e974de0f0e1a09e 1
7-68c1ae772623ae47a341652d0fe29f7a728c9694 5,6,7,8,9
8-7a5ec800de3acbc52a2347a11ae46f4180fc0db1 
9-2e8cc81fcd95033759674c2f0453c7b55332dec7 4,5
10-b6370a094816fd942183e9e1525487ddf2451797 2
11-23b1bc716257c6ab30fb3198d76cca3128715cc0 0,1,2,3,4
12-8fb7f455ee740a7a651ebf09d47ab536c1af2140 2,3,4,5,6,7,8
13-f0a7684b84d874e9d61eee9c4cff37bb45bb2547 6,7
14-494cb9024be445ad05b65e10ea5fa89a43f9ed09 2,3,4,5,6,7
15-de49b59836cb7d782a553c9d099d867267db85f6 0,1,2,3,4,5,6
16-7662e461bdac4972293ba461b73f4b7be24cb387 1,2
17-be182423ae0d1123ec4690d6e85ca8cac9ddc88a 2
18-0d2172553a31f8bb04df13fe4bed54705073e33d 
19-3154d7ce830477990a00524a75897e8f49dd580f 
20-e6fb9cdf311977ea422e0ba7de5b5a9506cea76e 
21-f9a57fc9b6351b94fe9e26565afba84e92576845 0,1,2,3
22-502ba1e2272cb996abd663b467d3e77e32784bfa 7,8
23-b84afa4731e07faa076b9cbf1f0028343f13c2fe 
24-1755629e4f4c3483eaf3d0aa5b200b27d12b5908 
25-69d982cfea43e4dc7e60197d3e4958b5d6459d67 6,7,8,9,10
26-e2532176399f929f8f314837f37cc4d37ea67681 4,5,6,7,8,9,10
27-bca3dcfd6a91d44c61c3bf5f3e0e50881380c75c 4,5,6,7,8,9,10
28-85d73990364ff7ca2c8c4876980835274d72c58b 
29-71a9ad7f5a69fd945e723be427b8b4efef82e195 
30-cc77bee7efd537073e24b21e6f752292f348f6fb 
31-76b9fe564707b115ecc747cfd55b7634371d9fd7 2,3,4
32-8bcf4bdd6dfd37bbdf57b1976dc50ec62eeffab6 4,5,6,7,8
33-d73860a7e171d21585a0a03def5ca100116675a1 4,5,6,7,8
34-f99704d3a52a14737288ddaa3abf387bad364fe8 3,4
35-2af2de4671f59a6d2359ae10642a5ab8a8039d1d 2,3,4,5
36-fa2fdc4026d9d301e63a8b80fc38bb50f0078c77 
37-5993071f79bbcca52416aa36d6f5de2a83045eb4 5,6,7
38-431efb02c39629aa1002489531cd954ae615c28a 6
39-82ad9268bdfd2c3f65a2961a6ee01411f440b383 0
40-3afe63d6233d0ab45177d612675e889001d7b543 4,5,6,7,8
41-27faec4085a3862934f98c2e8d2c765e6efe6a6b 4,5,6,7,8
42-6f9de20285995c448b06f41c735b3f3519b4dfcc 1
43-19571a5dbe1b77e23a172bd7d0df11814f29f1f2 4,5,6
44-037079481f5e878349e5a630e3264014a629089b 4,5,6
45-3199a6074f776ed4d34f63042721098ac59f58df 3,4
46-f021ccaec4dcbb1919bf6fc5d42c28d5ff0b9b94 
47-1f73f5e0c1e31c40dface91c9f8b2b63ab993f55 
48-cb2d17cb233270a63239e7763390a745ac08c0e9 1
49-e97c5b77a1087083a18fe6dccdf2f7029cfc8ad7 0
