0-d18a2a7997c03370052cb93d66d5f6569b8ccbfa 3,4,5,6,7,8,9,10,11,12
1-cdcd6bd6bdb7872d967dc532e4765656a79248eb
2-ca57eb90e4e56d4e7fa9af010029cfbca70685f2 0,1
3-d1901b3509e96b04e1b31163ac270875e90af887 0,1
4-461b00c856593919081cd3ce17319ea96aa7c0fa
5-4016b8806a097ce28bdf4488ac7abcc187a8535d 4,5,6
6-4aac338565fbaf6a69ca06d73972a63ea1119313 3,4
7-c3132546632d775e7e7988f3edeae293e540f5f0 3,4
8-120a3b54ab6b7aba237b7d4c4e51109be38e78b5 3,4
9-2a301dbfeaa34ecee30c50501873a1551196cea8 2,3,4,5,6,7,8,9,10
10-415d62019921a186943fac8ec56d7a0e91a7654d 5,6,7,8,9,10
11-4005f7529775dc8f45d0bdf18d5420d1ba7aa90b 1,2,3,4,5,6
12-a8e696f46a869c501848f49e5e8bb538fd7a9864 3,4
13-b7766be5161e8387e773fcc05b27c8614d7a4945 2,3,4,5,6,7,8,9,10,11,12,13,14
14-e3a394cb8d41e721a59969d112f05674066c6167 0
15-35195cad1165c343ae7554c3fe037f914e18e402 0
16-83b26ec8caeadb67f6cfd202835c9cb22c731d8f 4,5
17-56370a16068a6f8f952069d7e7fbe32f4b380cad
18-4e096b0710d7642c54bceb14779681716c705f01 2
19-a62d292de4a4acd4dadb74b465afb148fd80268a 4,5
20-755c1989eba0605e6111e57f3e551cefdefbe9be 0,1,2,3,4
21-9d5514ed25a5baa5196640781d82f28e0532ba74 4,5,7,8,9,10
22-b719eea719391e12fa1777178036bb03d94e7422 4,5,7,8,9,10
23-d1d163585e1f4b3cfe5e37eb91df2408ad613da7 4,5,7,8,9,10
24-48faf79e2a9c39a813ff02aff2ea9fc2d52ebe6e 2,3,4,5
25-79466652ba2cf0e21201c532c0f55ab0f1cf26db 1,2
26-a5b7707bec6c6707763b4a9defd80339f9e3ed9e 0,1,2,3,4
27-686135083f06748330ae6bcd283556b00ca6925c 1,2,3,4,5
28-f3cac0237e02d2aba284002ade78844af0e1a4d6 2,3,4,5,6,7,8,9,10,11,12,13,14,15,16,17
29-9e6c86a3f41d8bad4cdb5f6399383b7365d5f94e 3,4,5,6
30-f419f1d53a4f50a5cbc50ffa31ad10837322c2df 3,4,5,6,7,8,9,15,16,17,18
31-6691e80554ffcc290cf34d96a115600634774d20 3,4,5,6,7,8,9,15,16,17,18
32-4481943a1143672f6113b29fedf416dcb2d4b0eb 2,3,4,5,6
33-3f4aaa9ccc0f6737343da89f4ed26d27ecb9aaba 1,2,3,4,5
34-7bda5c3f4605b63dc34fcd2842bf0c119e081e12 3,4
35-e4c6684d23be7367ed6ff288f796801ce0430699 3,4
36-717f137765a59aa05ecfe45dd6d733e861274f3a 3,4
37-a18338ab8004fd0257732fc15e703ba267c0dd8d 3,4
38-df421cb2cdbb2989f4199fb1d1cdd31d44e6bdc3 5
39-84d7153dd4479c7766ede59afe8f072e4b7892fc 5
40-c5d7ff4e1fb562b7988d19a0d215751c7e2b1652 2,3,4
41-e323d51ebe2fb3e4047f2f8ae91421030841c56b 3
42-c6d16aa1428a7efabef35418899ba947e3dd6e96 1
43-608dcbf80aa5fd2284dec8e83c52904cd8091f6f 3,4,5,6
44-58f3f2560963aaf9597219818e6dfb06326296bd 3,4,5,6
45-22a675cca93c228b5dd048a0d71e0dd995708ccd 3,4,5
46-7dc613e8764f115bbbff4df2b7d31ee5b9c56559 3,4,5
47-2fa101b6cc29699f9909ee684de9b35ccfb6bc5b 3,4,5,6,7,8,9
48-4ee09ebb9ed02f045797bba2b6fc72b6330a44a7 4,5
49-4593cc00a791cb72eb1b6fc9da13f7317ece0c51 3,4
