0-24532618 1,2,3,4,5,6
1-2718501 3,4,5,6,7,8,9,10,11,12,13,14,15,16,17
2-28124227 2,3,4,5
3-3082757 1,2,3,4,5
4-3099196 0,1,2,5,6
5-31859413 1,2,3,4,5,6,7,8,9,10,11,12,13
6-32232575 3,4,5,6,7,8,9,10,11,12,13
7-3256244 0,1,2,3,4,5
8-33145138 0,1,2,3,4,5
9-35378212 0,1,2,3,4,5,6,7,8,9,10,11,12
10-386002 2,3,4,5,6,7,8
11-3904515 4,5,6,7,8,9
12-4597043 3,4,5,6,7,8
13-4619718 4,5
14-4686433 2,3,4,5,6
15-4986325 5,6,7,8
16-52811161 5,6,7
17-5308856 3,4,5,6,7
18-53982387 0,2,3,4,5,6,7,8
19-54576978 2,3,4,5,6,7
20-59479363 2,3,4,5,6,7
21-602579 2,3,4,5
22-6136601 1,5,6,7
23-6398339 2,3,4,5,6,7,8,9,10,11
24-7018290 3,6,7,8,9,10,11
25-7100790 6,7
26-7183592 3,4,5,6,7,8,9,10,11
27-7248248 4,5,6,7
28-7269607 6,7,8,9,10,11
29-7522372 5,6,7
30-7560623 7,8
31-7784215 3,4,5,6
32-7856580 2,3,4,5
33-8182606 1,2,3,4,5
34-8324321 4,5,6,7,8,9
35-8372469 2,3,4,5,6
36-8434596 2,3,6
37-85526081 0,1,2,3,4,5,6,7,8
38-8710619 3,4,5,6
39-8807472 2,3,4,5,6,7,8
40-88502354 2,4,5,6,7
41-8957624 4,5,6,7
42-8982165 3,4,5,6,7,8,9,10,11
43-9213638 4
44-9500175 1,2,3,4,5,6,7
45-9523397 1,2,3,4,5,6,7
46-9762138 1,2,3,4,5,6,7
47-104775 2,3,4,5
48-10521904 0,1,2,3,4
49-10849080 3,4,5,6,7,8
