0-10068973 1,2,3,4,5
1-10454349 1,2,3,4,5
2-10904427 3,4,5,6,7
3-110150 1,2,3,4,5
4-11440833 1,2,3,4,5,6,7
5-117015878 0,1,2,3,4,5
6-11743443 1,2,3,4
7-11849465 4
8-119088732 0,1,2,3,4,5,6
9-119214776 0,2,3,4,5,6
10-119333924 3,4
11-119692512 2,3
12-121143 2,3,4,5,6,7,8
13-12016665 1,2,3,4,5,6,7,8,9,10
14-12220163 8,9,10,11,12
15-12236075 2,3,4,5,6
16-12409437 2,3,4,5,6,7
17-1259690 3,4,5,6
18-12714060 3,4,5,6
19-12731418 0,1,2,3,4
20-13030989 7
21-13090524 2,3,4,5,6,7
22-1325291 2,3,4
23-14087922 2,3,4,5,6,7,8
24-14183349 2,3,4,5,6
25-14708283 1,2,3,4
26-14765404 1,2,3,4,5,6,7,8,9,10
27-15415714 0,4
28-15601154 1,2,3
29-15628151 1,2
30-15722170 1,2,3,4,5,6
31-15856362 1,2,3,4,5,6,7
32-16835034 2,3,4,5,6,7,8,9
33-1758423 3,4,5,6,7,8,9,10
34-17642807 2,3,4,5,6,7,8
35-17702992 0,1,2
36-18135686 4,5,6,7
37-18542801 3,4,5,6,7,8,9
38-18818620 2,3,4,5
39-18855968 4,5,6,7
40-18888191 3,4
41-18964727 4,5,6,7,8
42-18989235 4,5,6,7,8
43-19336064 3,4,5,6,7,8
44-1987529 4,5
45-21213948 0,1,2,3,4,5,6,7,8,9,10
46-2178363 3,4,5
47-23105955 4,5,6,7
48-23531856 2,3,4,5
49-24305812 3,4,5,6,7,8,9,10
